2000-3-21,1.0,0.0,0.0
2000-4-3,0.0,0.0,0.0
2000-4-4,0.0,0.0,0.0
2000-4-5,0.0,0.0,0.0
2000-4-6,0.0,0.0,0.0
2000-4-7,0.0,0.0,0.0
2000-4-10,0.0,0.0,0.0
2000-4-11,1.0,0.0,0.0
2000-4-12,0.0,0.0,0.0
2000-4-13,0.0,0.0,0.0
2000-4-14,2.0,0.0,0.0
2000-4-17,4.0,0.0,0.0
2000-4-18,0.0,0.0,0.0
2000-4-19,0.0,0.0,0.0
2000-4-20,4.0,1.0,0.0
2000-4-21,4.0,0.0,0.0
2000-4-22,4.0,0.0,0.0
2000-4-24,33.0,0.0,0.0
2000-4-25,9.0,0.0,0.0
2000-4-26,18.0,0.0,0.0
2000-4-27,26.0,0.0,0.0
2000-4-28,7.0,0.0,0.0
2000-4-29,8.0,0.0,1.0
2000-4-30,5.0,0.0,0.0
2000-5-1,20.0,0.0,1.0
2000-5-2,81.0,2.0,5.0
2000-5-3,18.0,0.0,1.0
2000-5-4,37.0,0.0,1.0
2000-5-5,17.0,3.0,1.0
2000-5-6,5.0,0.0,2.0
2000-5-7,5.0,0.0,2.0
2000-5-8,23.0,2.0,4.0
2000-5-9,8.0,1.0,4.0
2000-5-10,7.0,1.0,0.0
2000-5-11,4.8,0.3,0.0
2000-5-12,1.0,0.0,0.0
2000-5-13,9.0,1.0,2.0
2000-5-14,6.0,2.0,0.0
2000-5-15,2.0,3.0,0.0
2000-5-16,2.0,3.0,1.0
2000-5-17,5.0,59.0,4.0
2000-5-18,7.0,437.0,7.0
2000-5-19,20.0,726.0,2.0
2000-5-20,51.0,1148.0,2.0
2000-5-22,23.0,538.0,8.0
2000-5-23,9.0,119.0,0.0
2000-5-24,160.0,1156.0,20.0
2000-5-25,22.0,141.0,4.0
2000-5-26,134.0,701.0,4.0
2000-5-27,142.0,559.0,8.0
2000-5-28,96.0,314.0,3.0
2000-5-29,258.0,659.0,8.0
2000-5-30,195.0,409.0,6.0
2000-5-31,183.0,371.0,6.0
2000-6-1,123.0,141.0,2.0
2000-6-2,318.0,331.0,8.0
2000-6-3,98.0,167.0,2.0
2000-6-5,64.0,165.0,1.0
2000-6-6,113.0,161.0,4.0
2000-6-7,306.0,144.0,5.0
2000-6-8,183.0,113.0,1.0
2000-6-9,62.0,44.0,0.0
2000-6-10,32.0,42.0,1.0
2000-6-12,47.0,40.0,0.0
2000-6-13,17.0,29.0,0.0
2000-6-14,18.0,21.0,0.0
2000-6-15,22.0,34.0,1.0
2000-6-16,7.0,12.0,0.0
2000-6-17,9.0,8.0,0.0
2000-6-19,16.0,6.0,0.0
2000-6-20,14.0,9.0,0.0
2000-6-21,3.0,3.0,0.0
2000-6-22,3.0,10.0,0.0
2000-6-23,4.0,8.0,0.0
2000-6-26,14.1,9.9,0.0
2000-6-28,0.3,1.3,0.0
2000-6-30,1.0,3.6,0.0
2000-7-1,0.5,2.5,0.0
2000-7-3,0.4,1.4,0.0
2000-7-5,0.0,0.8,0.0
2000-7-7,0.0,0.3,0.0
2000-7-10,0.0,0.7,0.0
2000-7-12,0.0,0.0,0.0
2000-7-14,0.0,0.96,0.0
2000-7-17,0.0,1.8,0.0
2000-7-19,0.0,0.0,0.0
2000-7-26,0.0,0.3,0.0
2000-7-28,0.0,0.0,0.0
2000-7-31,0.0,0.0,0.0
2000-8-3,0.0,1.0,0.0
2000-8-7,0.0,0.0,0.0
2000-8-18,0.0,0.0,0.0
2001-4-3,0.0,0.0,0.0
2001-4-5,0.0,0.0,0.0
2001-4-9,0.0,0.0,0.0
2001-4-11,33.0,0.0,0.0
2001-4-16,0.0,0.0,0.0
2001-4-18,1.0,0.0,0.0
2001-4-20,3.0,0.0,0.0
2001-4-24,17.0,0.0,0.0
2001-4-25,9.0,0.0,5.0
2001-4-26,5.0,0.0,0.0
2001-4-30,1.2,0.0,2.5
2001-5-1,1.5,0.0,0.0
2001-5-2,0.5,0.0,2.0
2001-5-3,0.0,0.0,2.0
2001-5-4,0.9,0.0,2.5
2001-5-7,0.4,0.0,1.1
2001-5-8,0.0,0.0,1.8
2001-5-9,2.3,0.0,0.5
2001-5-10,1.8,0.0,5.1
2001-5-11,1.9,0.0,1.9
2001-5-14,0.5,0.0,0.8
2001-5-15,4.6,1.4,4.1
2001-5-16,0.5,1.5,0.5
2001-5-17,1.4,4.6,2.7
2001-5-18,1.3,3.6,0.8
2001-5-21,24.5,138.0,2.9
2001-5-22,40.1,125.0,7.1
2001-5-23,14.2,79.2,4.6
2001-5-24,18.4,58.8,9.2
2001-5-25,18.8,43.2,6.6
2001-5-29,51.6,86.9,4.1
2001-5-30,8.4,22.9,0.5
2001-5-31,14.9,48.6,2.7
2001-6-1,101.0,145.0,5.6
2001-6-4,71.1,75.7,7.1
2001-6-5,11.7,27.9,1.0
2001-6-6,17.4,35.5,1.3
2001-6-7,20.1,26.2,0.5
2001-6-8,0.6,2.5,1.0
2001-6-9,2.5,5.6,0.3
2001-6-11,13.5,9.4,0.8
2001-6-13,4.1,2.5,0.0
2001-6-15,0.5,1.1,0.5
2001-6-16,2.6,2.9,0.0
2001-6-18,4.4,2.9,0.4
2001-6-19,4.2,6.1,0.0
2001-6-20,5.1,6.1,0.0
2001-6-21,7.2,2.6,0.0
2001-6-22,12.3,4.2,0.0
2001-6-25,1.4,1.4,0.0
2001-6-26,1.9,3.2,0.0
2001-6-27,1.6,0.0,0.0
2001-6-29,0.3,0.3,0.0
2001-7-2,0.4,0.7,0.0
2001-7-3,0.0,0.3,0.0
2001-7-5,0.7,0.0,0.0
2001-7-6,0.0,0.0,0.0
2001-7-9,0.4,0.0,0.0
2001-7-10,0.0,0.3,0.0
2001-7-11,0.6,1.0,0.0
2001-7-12,0.0,0.0,0.0
2001-7-13,0.0,0.0,0.0
2001-7-24,0.0,0.3,0.0
2001-7-25,0.0,0.0,0.0
2001-7-26,0.0,0.0,0.0
2001-7-27,0.0,0.0,0.0
2001-7-30,0.0,0.0,0.0
2001-8-2,0.0,0.0,0.0
2001-8-7,0.0,0.0,0.0
2001-8-8,0.0,0.0,0.0
2001-8-10,0.0,0.0,0.0
2001-8-14,0.0,0.0,0.0
2001-8-16,0.0,0.0,0.0
2001-8-21,0.0,0.0,0.0
2001-8-23,0.0,0.0,0.0
2001-8-28,0.0,0.0,0.0
2001-8-30,0.0,0.0,0.0
2002-4-2,0.0,0.0,0.0
2002-4-5,0.0,0.0,0.0
2002-4-9,0.0,0.3,0.0
2002-4-12,0.0,0.0,0.0
2002-4-16,0.0,0.4,0.0
2002-4-19,0.3,0.0,0.0
2002-4-23,0.0,0.0,0.0
2002-4-29,0.0,0.0,0.0
2002-5-1,0.0,0.0,0.0
2002-5-7,27.6,0.0,0.0
2002-5-13,13.8,0.0,0.0
2002-5-14,24.0,0.51,0.51
2002-5-15,10.7,1.0,0.5
2002-5-16,45.9,2.04,24.4
2002-5-17,8.4,0.0,10.7
2002-5-18,6.12,3.06,19.4
2002-5-19,9.18,385.0,9.18
2002-5-20,38.5,1623.3,8.2
2002-5-21,48.9,2969.9,3.2
2002-5-22,127.0,1670.0,13.9
2002-5-23,193.0,1065.0,18.7
2002-5-24,244.0,495.0,6.3
2002-5-25,412.0,330.0,9.18
2002-5-26,259.0,377.0,13.8
2002-5-27,300.0,507.0,6.63
2002-5-28,118.0,218.0,5.1
2002-5-29,94.0,141.0,2.0
2002-5-30,55.1,64.8,3.06
2002-5-31,34.3,76.6,9.3
2002-6-1,12.2,19.3,1.53
2002-6-2,10.2,27.5,2.04
2002-6-3,7.5,33.1,2.1
2002-6-4,23.5,11.9,0.6
2002-6-5,9.3,8.7,0.0
2002-6-6,5.0,13.1,0.0
2002-6-7,6.9,10.5,0.7
2002-6-8,11.2,20.9,1.02
2002-6-9,25.5,27.5,2.55
2002-6-10,7.5,15.0,0.0
2002-6-11,1.7,7.7,0.7
2002-6-12,0.32,0.0,0.0
2002-6-13,0.6,1.6,0.0
2002-6-14,1.92,11.9,0.0
2002-6-17,1.07,3.2,0.36
2002-6-18,2.56,11.9,0.96
2002-6-19,1.27,1.91,0.0
2002-6-20,0.0,0.62,0.0
2002-6-21,2.01,8.36,0.0
2002-6-26,0.25,0.25,0.25
2002-6-27,0.99,0.0,0.0
2002-6-28,0.64,0.96,0.0
2002-6-30,0.0,0.0,0.0
2002-7-1,0.36,0.36,0.0
2002-7-3,0.0,0.16,0.0
2002-7-9,0.33,0.0,0.0
2002-7-10,0.0,1.92,0.0
2002-7-11,0.0,0.96,0.0
2002-7-12,1.6,1.92,0.0
2002-7-15,0.0,0.71,0.0
2002-7-16,0.0,0.95,0.0
2002-7-17,0.0,0.96,0.0
2002-7-18,0.0,1.26,0.0
2002-7-30,0.0,0.44,0.0
2002-7-31,0.0,0.0,0.0
2002-8-1,0.0,1.64,0.0
2002-8-2,0.0,0.0,0.0
2002-8-5,0.0,0.0,0.0
2002-8-7,0.0,0.0,0.0
2002-8-9,0.0,0.0,0.0
2002-8-27,0.0,0.0,0.0
2002-9-2,0.0,0.0,0.0
2003-4-8,0.0,0.0,0.0
2003-4-15,0.0,0.0,0.0
2003-4-22,117.0,0.0,0.0
2003-4-24,51.9,0.0,0.0
2003-4-28,60.4,0.0,20.1
2003-4-29,7.1,2.2,1.3
2003-4-30,4.0,0.6,3.1
2003-5-1,5.5,1.3,6.5
2003-5-5,8.1,17.6,2.4
2003-5-6,6.1,89.7,2.2
2003-5-7,7.4,49.0,1.6
2003-5-8,6.3,196.0,1.3
2003-5-11,32.1,1488.0,9.3
2003-5-13,4.17,288.0,1.28
2003-5-15,3.21,417.0,2.24
2003-5-18,19.6,146.0,5.73
2003-5-19,15.3,160.0,4.23
2003-5-26,26.6,491.0,0.64
2003-5-27,85.3,232.0,0.0
2003-5-28,86.1,81.8,2.15
2003-5-29,183.0,101.0,2.93
2003-5-31,162.0,139.0,0.0
2003-6-2,96.5,94.3,0.75
2003-6-3,15.2,33.8,0.0
2003-6-4,26.0,41.6,0.0
2003-6-5,58.5,27.1,2.17
2003-6-6,94.7,58.2,0.0
2003-6-9,8.42,5.86,0.37
2003-6-10,20.8,8.32,0.0
2003-6-11,41.2,20.6,0.0
2003-6-12,23.2,53.7,2.11
2003-6-13,1.1,8.79,5.49
2003-6-16,5.72,5.37,0.72
2003-6-17,3.21,9.62,0.0
2003-6-18,3.25,5.42,1.08
2003-6-19,7.48,8.55,0.0
2003-6-20,0.0,9.89,0.0
2003-6-23,0.71,2.85,1.07
2003-6-24,1.1,4.4,0.0
2003-6-25,2.14,1.07,0.0
2003-6-26,0.0,3.12,0.0
2003-6-27,0.0,0.0,0.0
2003-6-30,0.36,2.49,0.0
2003-7-1,0.0,1.07,0.0
2003-7-2,0.0,0.0,0.0
2003-7-4,6.41,1.07,0.0
2003-7-7,0.0,0.0,0.0
2003-7-8,0.0,0.0,0.0
2003-7-9,0.0,0.0,0.0
2003-7-10,0.0,0.0,0.0
2003-7-11,0.0,0.0,0.0
2003-7-14,0.0,0.0,0.0
2003-7-15,0.0,0.0,0.0
2003-7-16,0.0,0.0,0.0
2003-7-17,0.0,0.0,0.0
2003-7-18,0.0,0.0,0.0
2003-7-21,0.0,0.0,0.0
2003-7-22,0.0,0.0,0.0
2003-7-23,0.0,0.0,0.0
2003-7-24,0.0,0.0,0.0
2003-7-25,0.0,0.0,0.0
2003-7-28,0.0,0.0,0.0
2003-7-29,0.0,0.0,0.0
2003-7-30,0.0,0.0,0.0
2003-7-31,0.0,0.0,0.0
2003-8-1,0.0,0.0,0.0
2003-8-4,0.0,0.0,0.0
2003-8-5,0.0,0.0,0.0
2003-8-6,0.0,0.0,0.0
2003-8-7,0.0,0.0,0.0
2003-8-8,0.0,0.0,0.0
2003-8-11,0.0,0.0,0.0
2003-8-12,0.0,0.0,0.0
2003-8-13,0.0,0.0,0.0
2003-8-14,0.0,0.0,0.0
2003-8-15,0.0,0.0,0.0
2003-8-18,0.0,0.0,0.0
2003-8-20,0.0,0.0,0.0
2003-8-22,0.0,0.0,0.0
2003-8-27,0.0,0.0,0.0
2003-8-28,0.0,0.0,0.0
2004-3-15,0.0,0.0,0.0
2004-4-1,0.0,0.0,0.0
2004-4-6,0.0,0.0,0.0
2004-4-9,0.0,0.0,0.0
2004-4-12,0.71,0.0,0.0
2004-4-14,2.3,0.0,0.0
2004-4-16,1.3,0.0,0.0
2004-4-19,17.1,0.0,0.0
2004-4-21,52.0,0.0,0.0
2004-4-23,99.0,0.0,0.0
2004-4-26,14.5,0.0,1.86
2004-4-27,17.1,0.0,13.9
2004-4-28,11.7,0.0,11.7
2004-4-29,0.97,0.32,0.0
2004-4-30,0.64,0.0,3.22
2004-5-3,4.26,3.2,12.1
2004-5-4,5.49,27.8,3.23
2004-5-5,11.9,78.2,3.21
2004-5-6,26.9,1140.0,6.09
2004-5-7,0.32,18.9,0.0
2004-5-10,11.4,719.0,1.07
2004-5-11,8.28,215.0,2.23
2004-5-12,7.48,443.0,1.95
2004-5-13,30.1,1005.0,10.3
2004-5-14,48.7,1533.0,0.0
2004-5-18,35.3,1309.0,7.9
2004-5-19,89.5,708.0,40.6
2004-5-20,10.3,36.2,0.96
2004-5-21,60.2,108.0,0.0
2004-5-24,32.3,43.0,0.0
2004-5-25,0.96,14.4,0.0
2004-5-26,31.2,19.6,0.0
2004-5-27,24.8,32.8,0.0
2004-5-28,34.5,21.0,0.0
2004-6-1,10.4,29.4,0.0
2004-6-2,0.0,8.28,0.0
2004-6-3,0.96,5.13,0.0
2004-6-4,3.23,7.42,0.0
2004-6-7,27.1,26.4,0.0
2004-6-9,0.0,0.95,0.0
2004-6-11,5.13,4.17,0.0
2004-6-15,0.8,1.6,0.0
2004-6-16,0.98,0.98,0.0
2004-6-17,0.95,3.16,0.0
2004-6-18,0.0,7.27,0.0
2004-6-21,0.0,0.0,0.0
2004-6-22,0.0,0.0,0.0
2004-6-23,0.0,0.0,0.0
2004-6-24,0.0,0.0,0.0
2004-6-25,0.0,0.0,0.0
2004-6-28,0.0,0.0,0.0
2004-6-29,0.0,0.0,0.0
2004-6-30,0.0,0.0,0.0
2004-7-1,0.0,0.0,0.0
2004-7-2,0.0,0.0,0.0
2004-7-6,0.0,4.63,0.0
2004-7-7,0.0,1.96,0.0
2004-7-8,0.0,3.1,0.0
2004-7-9,0.0,0.0,0.0
2004-7-12,0.0,0.0,0.0
2004-7-13,0.0,0.0,0.0
2004-7-14,0.0,0.0,0.0
2004-7-15,0.0,0.0,0.0
2004-7-16,0.0,0.0,0.0
2004-7-19,0.0,0.0,0.0
2004-7-20,0.0,0.0,0.0
2004-7-21,0.0,0.0,0.0
2004-7-22,0.0,0.0,0.0
2004-7-23,0.0,0.0,0.0
2004-7-26,0.0,0.0,0.0
2004-7-28,0.0,0.0,0.0
2004-7-29,0.0,0.0,0.0
2004-7-30,0.0,0.0,0.0
2004-8-2,0.0,0.0,0.0
2004-8-3,0.0,0.0,0.0
2004-8-4,0.0,0.0,0.0
2004-8-5,0.0,0.0,0.0
2004-8-6,0.0,0.0,0.0
2004-8-9,0.0,0.0,0.0
2004-8-10,0.0,0.0,0.0
2004-8-11,0.0,0.0,0.0
2004-8-12,0.0,0.0,0.0
2004-8-13,0.0,0.0,0.0
2004-8-16,0.0,0.0,0.0
2004-8-17,0.0,0.0,0.0
2004-8-18,0.0,0.0,0.0
2004-8-19,0.0,0.0,0.0
2004-8-20,0.0,0.0,0.0
2004-8-23,0.0,0.0,0.0
2004-8-24,0.0,0.0,0.0
2004-8-25,0.0,0.0,0.0
2004-8-26,0.0,0.0,0.0
2004-8-27,0.0,0.0,0.0
2004-8-30,0.0,0.0,0.0
2004-8-31,0.0,0.0,0.0
2004-9-1,0.0,0.0,0.0
2005-4-6,0.0,0.0,0.0
2005-4-13,0.0,0.0,0.0
2005-4-14,0.0,0.0,0.0
2005-4-15,0.0,0.0,0.0
2005-4-18,0.0,0.0,0.0
2005-4-20,0.0,0.0,0.0
2005-4-21,6.41,0.0,0.0
2005-4-22,6.41,0.0,0.0
2005-4-25,31.8,0.0,0.0
2005-4-26,97.5,0.0,10.8
2005-4-27,72.1,0.0,11.7
2005-4-28,45.0,0.0,20.4
2005-4-29,55.9,0.0,31.2
2005-5-2,21.8,101.0,26.4
2005-5-3,20.4,488.0,3.22
2005-5-4,44.9,1201.0,13.9
2005-5-5,27.9,1081.0,10.7
2005-5-6,29.7,596.0,8.22
2005-5-9,64.9,734.0,43.2
2005-5-10,59.1,708.0,29.4
2005-5-11,48.7,283.0,19.6
2005-5-12,48.4,388.0,87.2
2005-5-13,87.8,303.0,58.7
2005-5-17,304.0,348.0,0.0
2005-5-18,0.64,1.28,0.0
2005-5-19,26.8,27.8,2.24
2005-5-20,64.8,50.2,3.24
2005-5-23,216.0,216.0,0.0
2005-5-24,7.32,11.5,3.18
2005-5-25,104.0,21.1,0.97
2005-5-26,23.9,21.0,0.0
2005-5-27,21.7,14.4,0.0
2005-5-31,28.7,12.3,0.0
2005-6-1,8.1,3.89,0.0
2005-6-2,1.28,1.6,0.96
2005-6-3,3.22,4.5,0.0
2005-6-6,3.54,2.48,0.0
2005-6-7,22.0,5.18,0.97
2005-6-8,38.3,3.19,0.96
2005-6-9,11.6,5.15,0.0
2005-6-10,19.3,8.22,0.0
2005-6-13,6.83,0.0,0.0
2005-6-14,1.64,1.64,0.0
2005-6-15,1.9,0.95,0.0
2005-6-16,4.18,0.96,0.0
2005-6-17,3.18,0.95,0.0
2005-6-20,0.0,1.07,0.0
2005-6-21,0.0,0.0,0.0
2005-6-22,0.0,0.0,0.0
2005-6-23,0.0,3.21,0.0
2005-6-24,0.0,0.0,0.0
2005-6-27,0.0,0.0,0.0
2005-6-28,0.0,1.61,0.0
2005-6-29,0.0,0.32,0.0
2005-6-30,0.0,0.33,0.0
2005-7-1,0.0,0.0,0.0
2005-7-5,0.0,0.0,0.0
2005-7-6,0.0,0.0,0.0
2005-7-7,0.0,0.0,0.0
2005-7-8,0.0,0.0,0.0
2005-7-11,0.0,0.0,0.0
2005-7-12,0.0,0.0,0.0
2005-7-13,0.0,0.0,0.0
2005-7-15,0.0,0.0,0.0
2005-7-18,0.0,0.0,0.0
2005-7-19,0.0,0.0,0.0
2005-7-20,0.0,0.0,0.0
2005-7-21,0.0,0.0,0.0
2005-8-3,0.0,0.0,0.0
2005-8-4,0.0,0.0,0.0
2005-8-5,0.0,0.0,0.0
2005-8-8,0.0,0.0,0.0
2005-8-9,0.0,0.0,0.0
2005-8-10,0.0,0.0,0.0
2005-8-11,0.0,0.0,0.0
2005-8-12,0.0,0.0,0.0
2005-8-29,0.0,0.0,0.0
2005-8-31,0.0,0.0,0.0
2005-9-1,0.0,0.0,0.0
2006-4-12,0.0,0.0,0.0
2006-4-18,0.0,0.0,0.0
2006-4-20,0.0,0.0,0.0
2006-4-25,0.0,0.0,0.0
2006-4-27,2.01,0.0,0.0
2006-5-1,3.28,0.0,0.0
2006-5-2,43.0,0.0,0.0
2006-5-3,13.2,0.0,0.0
2006-5-4,2.14,0.0,5.38
2006-5-5,1.06,0.0,2.12
2006-5-8,2.14,0.0,2.14
2006-5-9,1.06,0.0,13.8
2006-5-10,1.08,0.0,3.25
2006-5-11,0.96,0.96,5.11
2006-5-12,0.96,0.96,1.93
2006-5-13,0.0,2.4,0.0
2006-5-18,0.0,716.0,0.0
2006-5-19,16.3,220.0,6.51
2006-5-22,59.7,686.0,18.5
2006-5-23,11.5,42.0,11.5
2006-5-24,75.9,344.0,48.9
2006-5-25,97.1,310.0,76.3
2006-5-26,122.0,451.0,52.1
2006-5-30,36.0,166.0,10.3
2006-5-31,29.7,108.0,5.27
2006-6-1,58.4,162.0,4.12
2006-6-2,21.4,60.9,5.97
2006-6-5,21.6,71.8,3.54
2006-6-6,3.32,6.64,0.0
2006-6-7,49.8,33.2,1.81
2006-6-8,28.6,26.7,0.0
2006-6-9,5.49,11.9,0.0
2006-6-12,12.7,27.6,2.83
2006-6-13,4.37,8.42,0.62
2006-6-14,3.5,6.05,0.95
2006-6-15,2.31,8.57,0.33
2006-6-16,2.24,6.71,0.32
2006-6-19,0.35,4.25,0.0
2006-6-20,1.31,3.93,0.0
2006-6-21,0.32,5.73,0.0
2006-6-22,0.0,2.58,0.0
2006-6-23,0.63,2.85,0.0
2006-6-26,0.0,5.37,0.0
2006-6-27,0.64,1.27,0.0
2006-6-28,0.32,1.92,0.0
2006-6-29,0.95,0.95,0.0
2006-6-30,1.95,4.23,0.0
2006-7-3,0.0,5.34,0.0
2006-7-5,0.0,0.0,0.0
2006-7-6,0.0,0.0,0.0
2006-7-7,0.0,0.0,0.0
2006-7-10,0.0,0.0,0.0
2006-7-11,0.0,0.0,0.0
2006-7-12,0.0,0.0,0.0
2006-7-13,0.0,0.0,0.0
2006-7-14,0.0,0.0,0.0
2006-7-17,0.0,0.0,0.0
2006-7-18,0.0,0.0,0.0
2006-7-19,0.0,0.0,0.0
2006-7-27,0.0,0.0,0.0
2006-7-28,0.0,0.0,0.0
2006-7-31,0.0,0.0,0.0
2006-8-1,0.0,0.0,0.0
2006-8-2,0.0,0.0,0.0
2006-8-3,0.0,0.0,0.0
2006-8-10,0.0,0.0,0.0
2006-8-14,0.0,0.0,0.0
2006-9-1,0.0,0.0,0.0
2007-4-17,0.0,0.0,0.0
2007-4-19,108.0,0.0,0.0
2007-4-20,114.0,0.0,0.0
2007-4-23,68.1,0.0,0.0
2007-4-24,49.8,0.0,5.42
2007-4-25,28.0,0.0,2.15
2007-4-26,11.5,0.0,9.42
2007-4-27,30.0,0.0,0.0
2007-4-30,4.78,0.0,0.0
2007-5-1,6.46,0.0,3.23
2007-5-2,10.8,23.8,0.0
2007-5-3,32.2,114.0,9.65
2007-5-4,30.7,185.0,4.03
2007-5-7,15.1,177.0,3.59
2007-5-8,8.42,102.0,2.36
2007-5-9,5.83,71.6,1.3
2007-5-10,7.4,130.0,1.29
2007-5-18,34.7,31.9,1.03
2007-5-21,89.3,89.6,8.18
2007-5-22,40.7,79.3,6.43
2007-5-23,43.6,65.6,4.71
2007-5-24,38.3,50.7,1.96
2007-5-25,32.7,30.5,0.95
2007-5-29,27.9,38.7,3.22
2007-5-30,0.0,5.18,0.0
2007-5-31,0.62,5.87,0.0
2007-6-1,6.55,9.82,1.31
2007-6-4,8.97,11.1,0.0
2007-6-5,6.22,7.86,0.0
2007-6-6,3.21,3.85,0.0
2007-6-8,0.96,2.53,0.0
2007-6-11,15.3,8.52,0.71
2007-6-12,3.27,2.62,0.0
2007-6-13,1.92,0.32,0.0
2007-6-14,0.32,1.27,0.0
2007-6-15,0.0,0.65,0.0
2007-6-18,0.0,0.36,0.0
2007-6-19,0.0,0.64,6.41
2007-6-20,0.0,0.64,0.0
2007-6-21,0.0,0.64,0.0
2007-6-22,0.0,2.24,0.0
2007-6-25,0.0,0.0,0.0
2007-6-26,0.0,0.0,0.0
2007-6-27,0.0,0.0,0.0
2007-6-28,0.0,0.0,0.0
2007-6-29,0.0,0.0,0.0
2007-7-2,0.0,0.0,0.0
2007-7-3,0.0,0.0,0.0
2007-7-5,0.0,0.0,0.0
2007-7-6,0.0,0.0,0.0
2007-7-8,0.0,0.0,0.0
2007-7-9,0.0,0.0,0.0
2007-7-10,0.0,0.0,0.0
2007-7-11,0.0,0.0,0.0
2007-7-12,0.0,0.0,0.0
2007-7-13,0.0,0.0,0.0
2007-7-16,0.0,0.0,0.0
2007-7-17,0.0,0.0,0.0
2007-7-18,0.0,0.0,0.0
2007-7-30,0.0,0.0,0.0
2007-7-31,0.0,0.0,0.0
2007-8-1,0.0,0.0,0.0
2007-8-2,0.0,0.0,0.0
2007-8-3,0.0,0.0,0.0
2007-8-6,0.0,0.0,0.0
2007-8-7,0.0,0.0,0.0
2007-8-8,0.0,0.0,0.0
2007-8-9,0.0,0.0,0.0
2007-8-10,0.0,0.0,0.0
2008-4-23,0.0,0.0,0.0
2008-4-25,197.0,0.0,0.0
2008-4-29,14.0,0.0,0.0
2008-5-1,28.9,0.0,0.0
2008-5-2,48.7,0.0,0.0
2008-5-5,23.5,0.0,0.71
2008-5-6,11.0,0.0,0.0
2008-5-7,14.4,0.0,5.13
2008-5-8,2.26,0.0,0.97
2008-5-9,1.26,0.0,1.9
2008-5-12,29.8,215.0,3.55
2008-5-14,6.32,745.0,16.9
2008-5-15,13.9,173.0,0.0
2008-5-16,35.0,389.0,0.0
2008-5-19,98.3,444.0,2.12
2008-5-20,162.0,998.0,12.4
2008-5-21,140.0,436.0,8.39
2008-5-22,132.0,229.0,9.62
2008-5-23,48.2,82.4,1.86
2008-5-27,119.0,225.0,0.8
2008-5-28,56.1,44.1,0.0
2008-5-29,37.6,42.8,0.0
2008-5-30,29.5,44.4,0.0
2008-6-2,132.0,92.6,0.0
2008-6-3,190.0,66.4,0.0
2008-6-4,149.0,71.2,0.0
2008-6-5,45.7,17.7,0.0
2008-6-6,67.3,38.1,0.0
2008-6-9,67.5,30.8,0.0
2008-6-10,10.6,8.63,0.0
2008-6-11,2.17,5.79,0.0
2008-6-12,14.7,11.9,0.0
2008-6-13,23.2,9.11,0.0
2008-6-16,21.4,5.62,0.0
2008-6-17,1.05,4.55,0.0
2008-6-18,0.91,0.91,0.0
2008-6-19,1.94,0.0,0.0
2008-6-20,3.22,0.96,0.0
2008-6-23,1.07,10.4,0.0
2008-6-24,0.0,0.0,0.0
2008-6-25,20.8,0.0,0.0
2008-6-26,0.0,0.0,0.0
2008-6-27,1.93,1.61,0.0
2008-6-30,5.48,0.0,0.0
2008-7-1,0.0,0.0,0.0
2008-7-2,0.0,0.0,0.0
2008-7-3,0.61,0.0,0.0
2008-7-7,0.0,0.0,0.0
2008-7-8,0.0,0.0,0.0
2008-7-9,0.0,0.0,0.0
2008-7-10,0.0,0.0,0.0
2008-7-11,0.0,0.0,0.0
2008-7-14,0.0,0.0,0.0
2008-7-15,0.0,0.0,0.0
2008-7-16,0.0,0.0,0.0
2008-7-17,0.0,0.0,0.0
2008-7-18,0.0,0.0,0.0
2008-7-21,0.0,0.0,0.0
2008-7-22,0.0,0.0,0.0
2008-7-23,0.0,0.0,0.0
2008-7-24,0.0,0.0,0.0
2008-7-25,0.0,0.0,0.0
2008-7-28,0.0,0.0,0.0
2008-7-29,0.0,0.0,0.0
2008-7-30,0.0,0.0,0.0
2009-4-4,34.3,583.0,6.14
2009-4-17,0.0,0.0,0.0
2009-4-21,0.0,0.0,0.0
2009-4-24,0.0,0.0,0.0
2009-4-28,37.8,0.0,0.0
2009-4-29,19.2,0.0,0.0
2009-4-30,5.16,0.0,0.0
2009-5-1,1.09,0.0,0.0
2009-5-5,54.2,1087.0,6.14
2009-5-6,15.5,1514.0,18.4
2009-5-7,1.59,63.1,0.32
2009-5-8,13.6,337.0,1.58
2009-5-11,37.5,986.0,10.3
2009-5-12,5.93,143.0,3.12
2009-5-14,45.8,921.0,6.26
2009-5-20,47.6,484.0,0.0
2009-5-21,162.0,644.0,9.65
2009-5-22,146.0,596.0,12.6
2009-5-26,108.0,420.0,21.9
2009-5-27,36.2,85.3,5.57
2009-5-28,32.3,159.0,3.55
2009-5-29,3.72,13.3,0.0
2009-6-1,13.7,34.1,0.0
2009-6-2,29.9,13.4,1.76
2009-6-3,24.7,18.8,0.88
2009-6-4,15.7,11.6,3.75
2009-6-5,21.0,26.9,4.63
2009-6-8,4.28,3.93,0.36
2009-6-9,6.64,22.1,0.63
2009-6-10,8.48,8.79,0.63
2009-6-11,1.92,7.99,0.32
2009-6-12,1.89,10.1,0.32
2009-6-15,6.66,22.8,0.0
2009-6-16,1.7,5.79,0.68
2009-6-17,0.64,5.11,0.32
2009-6-18,2.21,12.3,0.32
2009-6-19,0.3,3.3,0.0
2009-6-22,0.73,2.56,0.0
2009-6-23,0.63,1.88,0.0
2009-6-24,0.0,0.0,0.0
2009-6-25,0.0,0.3,0.0
2009-6-26,0.33,0.98,0.0
2009-6-29,0.0,0.0,0.0
2009-7-14,0.0,0.0,0.0
2009-7-15,0.0,0.0,0.0
2009-7-16,0.0,0.0,0.0
2009-7-17,0.0,0.0,0.0
2010-4-12,0.0,0.0,0.0
2010-4-15,0.0,0.0,0.0
2010-4-16,0.0,0.0,0.0
2010-4-19,50.9,0.0,0.0
2010-4-20,355.0,0.0,0.0
2010-4-21,129.0,0.0,0.0
2010-4-22,337.0,0.0,0.0
2010-4-23,151.0,0.0,0.0
2010-4-26,25.5,0.0,1.44
2010-4-27,20.0,0.0,2.1
2010-4-28,14.2,0.0,19.7
2010-4-29,20.3,0.0,30.9
2010-4-30,46.3,1.96,23.2
2010-5-3,9.2,0.35,0.0
2010-5-4,12.2,24.1,2.89
2010-5-5,11.8,64.4,1.28
2010-5-6,1.22,6.43,0.92
2010-5-7,40.1,673.0,1.0
2010-5-10,71.7,2019.0,6.81
2010-5-11,101.0,3117.0,9.48
2010-5-12,63.8,3033.0,12.9
2010-5-13,151.0,3986.0,50.1
2010-5-14,27.0,608.0,4.46
2010-5-17,130.0,1675.0,5.34
2010-5-18,96.5,1444.0,6.43
2010-5-19,365.0,1617.0,28.5
2010-5-20,528.0,1519.0,29.9
2010-5-21,43.5,163.0,0.96
2010-5-24,151.0,302.0,3.54
2010-5-25,69.9,211.0,0.0
2010-5-26,62.3,138.0,0.0
2010-5-27,65.5,165.0,0.0
2010-5-28,83.6,211.0,0.0
2010-6-1,67.9,163.0,0.0
2010-6-2,20.4,108.0,0.0
2010-6-3,16.3,134.0,0.0
2010-6-4,6.7,26.2,0.0
2010-6-7,0.71,5.7,0.0
2010-6-8,1.88,5.63,0.0
2010-6-9,3.25,15.3,0.0
2010-6-10,0.0,1.9,0.0
2010-6-11,0.64,5.11,0.0
2010-6-15,4.83,2.41,0.0
2010-6-16,2.02,5.05,0.0
2010-6-17,1.28,2.25,0.0
2010-6-18,0.0,3.18,0.0
2010-6-21,1.07,1.43,0.0
2010-6-22,0.64,0.96,0.0
2010-6-23,0.64,3.2,0.0
2010-6-24,0.32,2.22,0.0
2010-6-25,0.0,1.65,0.0
2010-6-28,0.0,2.14,0.0
2010-6-29,0.0,1.27,0.0
2010-6-30,0.0,0.0,0.0
2010-7-1,0.0,0.32,0.0
2010-7-2,0.0,0.32,0.0
2010-7-6,0.0,0.0,0.0
2010-7-7,0.0,0.0,0.0
2010-7-9,0.0,0.0,0.0
2010-7-12,0.0,0.0,0.0
2010-7-13,0.0,0.0,0.0
2010-7-14,0.0,0.0,0.0
2010-7-15,0.0,0.0,0.0
2010-7-16,0.0,0.0,0.0
2010-7-19,0.0,0.0,0.0
2010-7-20,0.0,0.0,0.0
2010-7-21,0.0,0.0,0.0
2010-7-22,0.0,0.0,0.0
2010-7-23,0.0,0.0,0.0
2010-7-26,0.0,0.0,0.0
2010-7-27,0.0,0.0,0.0
2010-7-28,0.0,0.0,0.0
2010-7-29,0.0,0.0,0.0
2010-7-30,0.0,0.0,0.0
2010-8-2,0.0,0.0,0.0
2010-8-3,0.0,0.0,0.0
2010-8-4,0.0,0.0,0.0
2010-8-5,0.0,0.0,0.0
2010-8-6,0.0,0.0,0.0
2010-9-9,0.0,0.0,0.0
2011-4-19,0.0,0.0,0.0
2011-4-22,0.0,0.0,0.0
2011-4-26,19.7,0.0,0.0
2011-4-28,10.7,0.0,0.0
2011-5-4,5.71,0.0,1.43
2011-5-5,2.53,0.0,0.95
2011-5-13,2.4,1.7,2.8
2011-5-16,1.6,4.48,1.28
2011-5-19,69.4,1330.0,19.9
2011-5-20,82.9,673.0,36.9
2011-5-23,176.0,871.0,37.2
2011-5-24,86.0,107.0,4.45
2011-5-25,84.9,170.0,1.9
2011-5-26,74.0,55.8,0.94
2011-5-27,121.0,53.4,1.84
2011-5-31,101.0,71.6,19.4
2011-6-1,100.0,25.4,0.98
2011-6-2,52.0,28.2,0.0
2011-6-3,21.4,7.25,0.0
2011-6-6,18.5,20.6,0.0
2011-6-7,5.21,2.61,0.0
2011-6-8,16.4,9.29,0.0
2011-6-9,4.97,1.55,0.0
2011-6-15,0.0,0.28,0.0
2011-6-24,0.0,0.0,0.0
2011-6-27,1.04,0.69,0.0
2011-6-29,0.0,0.0,0.0
2011-7-6,0.0,0.0,0.0
2011-7-7,0.0,0.0,0.0
2011-7-8,0.0,0.0,0.0
2011-7-11,0.0,0.0,0.0
2011-7-12,0.0,0.0,0.0
2011-7-13,0.0,0.0,0.0
2011-7-14,0.0,0.0,0.0
2011-7-20,0.0,0.0,0.0
2011-7-21,0.0,0.0,0.0
2011-7-22,0.0,0.0,0.0
2011-7-25,0.0,0.0,0.0
2011-7-26,0.0,0.0,0.0
2011-7-27,0.0,0.0,0.0
2011-7-28,0.0,0.0,0.0
2011-7-29,0.0,0.0,0.0
2011-8-1,0.0,0.0,0.0
2011-8-2,0.0,0.0,0.0
2011-8-3,0.0,0.0,0.0
2012-4-17,143.0,0.0,0.0
2012-4-19,403.0,0.0,0.0
2012-4-20,206.0,0.0,0.0
2012-4-23,69.7,0.0,1.82
2012-4-24,461.0,0.0,0.64
2012-4-25,47.4,0.0,6.0
2012-4-26,10.3,0.0,0.69
2012-4-27,18.4,0.0,2.58
2012-4-30,15.6,1.06,61.0
2012-5-1,9.01,5.28,0.0
2012-5-2,5.11,9.26,1.6
2012-5-3,2.95,11.5,0.0
2012-5-4,0.96,15.7,0.32
2012-5-7,11.5,161.0,0.0
2012-5-8,24.6,402.0,0.0
2012-5-9,14.0,273.0,0.0
2012-5-11,22.0,1794.0,0.0
2012-5-14,5.95,743.0,60.3
2012-5-15,4.89,313.0,0.0
2012-5-16,9.1,450.0,2.58
2012-5-17,23.3,409.0,4.6
2012-5-18,35.6,750.0,12.5
2012-5-21,89.3,640.0,10.7
2012-5-22,69.2,634.0,0.0
2012-5-23,69.1,317.0,0.93
2012-5-24,29.2,101.0,1.59
2012-5-25,43.1,93.3,2.25
2012-5-29,32.0,70.1,0.8
2012-5-30,29.2,60.6,0.0
2012-5-31,53.0,43.5,0.63
2012-6-1,45.9,45.6,0.0
2012-6-4,13.2,14.6,0.0
2012-6-5,14.2,24.4,0.64
2012-6-6,16.5,21.5,0.0
2012-6-7,4.29,5.6,0.0
2012-6-8,8.07,14.2,0.65
2012-6-11,2.84,4.97,0.71
2012-6-12,4.81,14.4,1.28
2012-6-13,0.0,0.31,0.0
2012-6-14,0.0,0.33,0.0
2012-6-15,0.32,1.27,0.95
2012-6-28,0.0,0.37,0.0
2012-6-29,0.0,0.37,0.0
2012-7-2,0.0,0.72,0.0
2012-7-3,0.0,0.0,0.0
2012-7-5,0.0,0.31,0.0
2012-7-6,0.0,0.0,0.0
2012-7-9,0.0,0.0,0.0
2012-7-10,0.0,0.0,0.0
2012-7-11,0.0,0.0,0.0
2012-7-12,0.0,0.0,0.0
2012-7-18,0.0,0.0,0.0
2012-7-19,0.0,0.0,0.0
2012-7-20,0.0,0.0,0.0
2012-7-23,0.0,0.0,0.0
2012-7-25,0.0,0.0,0.0
2012-8-3,0.0,0.0,0.0
2012-8-6,0.0,0.0,0.0
2012-8-7,0.0,0.0,0.0
2012-8-8,0.0,0.0,0.0
2013-5-2,0.0,0.0,0.0
2013-5-3,0.0,0.0,0.0
2013-5-7,0.0,0.0,0.0
2013-5-8,0.0,0.0,0.0
2013-5-9,0.0,0.0,0.0
2013-5-10,0.0,0.0,0.0
2013-5-13,66.1,0.0,1.11
2013-5-14,14.0,0.0,0.0
2013-5-15,18.5,0.0,0.3
2013-5-16,29.6,0.0,3.31
2013-5-17,49.4,0.34,4.73
2013-5-20,21.5,0.37,2.59
2013-5-21,10.5,0.0,0.65
2013-5-22,6.13,0.0,3.55
2013-5-23,25.0,0.0,4.11
2013-5-24,9.68,0.0,5.16
2013-5-28,46.6,1008.0,12.0
2013-5-29,243.0,1264.0,29.0
2013-5-30,369.0,1182.0,14.9
2013-6-1,379.0,700.0,28.6
2013-6-2,244.0,487.0,9.6
2013-6-3,234.0,283.0,9.62
2013-6-4,29.1,29.1,0.0
2013-6-5,34.3,83.0,0.0
2013-6-6,21.5,60.6,0.0
2013-6-9,29.3,29.3,0.0
2013-6-10,0.0,0.0,0.0
2013-6-11,11.5,16.6,1.91
2013-6-12,28.8,13.5,4.17
2013-6-13,46.6,10.5,0.99
2013-6-15,18.3,12.3,0.0
2013-6-17,14.2,19.0,0.0
2013-6-18,18.9,57.6,1.03
2013-6-19,47.2,61.5,0.0
2013-6-20,6.69,5.02,1.34
2013-6-21,10.4,6.95,0.63
2013-6-24,3.2,1.78,1.07
2013-6-25,3.52,1.92,0.0
2013-6-26,6.99,7.99,0.0
2013-6-27,0.64,1.28,0.0
2013-6-28,0.95,1.9,0.0
2013-7-1,0.35,0.0,0.0
2013-7-2,1.33,3.32,0.0
2013-7-3,0.0,2.76,0.0
2013-7-9,0.0,0.33,0.0
2013-7-10,0.0,0.63,0.0
2013-7-11,0.0,0.0,0.0
2013-7-15,0.0,0.0,0.0
2013-7-16,0.0,2.43,0.0
2013-7-17,0.0,0.0,0.0
2013-7-18,0.0,0.0,0.0
2013-7-19,0.0,0.0,0.0
2013-7-22,0.0,0.0,0.0
2013-7-23,0.0,0.0,0.0
2013-7-24,0.0,0.0,0.0
2013-7-25,0.0,0.0,0.0
2013-7-26,0.0,0.0,0.0
2013-7-29,0.0,0.0,0.0
2013-7-30,0.0,0.0,0.0
2013-7-31,0.0,0.0,0.0
2013-8-1,0.0,0.0,0.0
2013-8-2,0.0,0.0,0.0
2013-8-5,0.0,0.0,0.0
2013-8-6,0.0,0.0,0.0
2013-8-7,0.0,0.0,0.0
2014-4-21,71.0,0.0,0.0
2014-4-22,55.0,0.0,0.0
2014-4-23,50.0,0.0,0.0
2014-4-24,11.2,0.0,0.0
2014-4-25,27.0,0.0,0.0
2014-4-28,62.5,0.0,4.95
2014-4-29,6.73,0.0,2.24
2014-4-30,26.4,0.0,3.04
2014-5-1,3.26,0.0,0.98
2014-5-2,5.02,1.34,1.34
2014-5-5,166.0,3081.0,5.28
2014-5-6,20.4,399.0,0.0
2014-5-7,34.6,725.0,0.0
2014-5-8,63.5,1204.0,3.13
2014-5-9,64.2,1487.0,14.9
2014-5-12,120.0,2286.0,5.36
2014-5-13,238.0,1141.0,14.7
2014-5-14,265.0,3149.0,9.34
2014-5-16,158.0,435.0,0.0
2014-5-19,150.0,463.0,9.83
2014-5-20,46.1,381.0,1.22
2014-5-21,46.0,76.3,5.15
2014-5-22,131.0,484.0,14.3
2014-5-23,66.3,94.4,1.25
2014-5-27,120.0,263.0,10.8
2014-5-28,160.0,160.0,0.0
2014-5-29,97.8,98.7,1.83
2014-5-30,71.8,77.5,0.0
2014-6-2,82.1,120.0,5.38
2014-6-4,5.05,24.6,0.31
2014-6-5,9.93,12.1,0.71
2014-6-11,9.82,15.1,0.0
2014-6-12,0.31,4.07,0.0
2014-6-13,9.68,29.4,0.0
2014-6-14,15.06,35.0,0.0
2014-6-15,8.22,6.01,0.95
2014-6-16,11.3,13.6,0.0
2014-6-17,1.92,20.8,0.0
2014-6-18,3.62,4.34,0.0
2014-6-20,0.0,1.93,0.0
2014-6-23,1.07,6.75,0.0
2014-6-24,1.01,2.7,0.0
2014-6-25,0.64,0.96,0.0
2014-6-26,0.0,0.0,0.0
2014-6-27,0.0,1.31,0.0
2014-6-30,0.0,0.0,0.0
2014-7-1,0.0,0.0,0.0
2014-7-3,0.0,0.0,0.0
2014-7-8,0.0,0.0,0.0
2014-7-9,0.0,0.0,0.0
2014-7-17,0.0,0.0,0.0
2014-7-18,0.0,0.0,0.0
2014-7-21,0.0,0.0,0.0
2014-7-22,0.0,0.0,0.0
2014-7-23,0.0,0.0,0.0
2014-7-30,0.0,0.0,0.0
2014-7-31,0.0,0.0,0.0
2015-3-20,0.0,0.0,0.0
2015-4-10,0.0,0.0,0.0
2015-4-14,0.0,0.0,0.0
2015-4-16,0.0,0.0,0.0
2015-4-21,0.0,0.0,2.24
2015-4-23,0.68,0.0,0.0
2015-4-24,0.65,0.0,14.1
2015-4-27,0.0,0.0,1.41
2015-4-28,1.32,0.0,1.65
2015-4-29,0.0,0.0,5.45
2015-4-30,0.0,0.0,0.63
2015-5-1,0.0,0.0,0.0
2015-5-2,0.59,0.0,0.29
2015-5-4,0.17,0.51,1.54
2015-5-5,0.33,4.26,2.29
2015-5-6,0.32,7.05,1.6
2015-5-7,0.95,19.6,1.58
2015-5-8,1.28,21.1,8.65
2015-5-11,6.8,27.6,12.5
2015-5-12,11.7,18.8,4.53
2015-5-13,8.75,5.74,3.02
2015-5-14,3.2,24.3,2.56
2015-5-18,9.67,17.7,4.42
2015-5-19,7.38,9.06,1.34
2015-5-20,18.1,19.0,1.51
2015-5-21,17.2,12.4,5.49
2015-5-22,5.72,11.4,0.64
2015-5-26,13.2,10.4,1.07
2015-5-27,1.27,1.27,0.96
2015-5-28,3.16,1.9,0.95
2015-5-29,1.96,3.26,0.65
2015-6-1,1.07,0.71,0.0
2015-6-2,1.26,0.94,0.0
2015-6-3,0.0,0.0,0.0
2015-6-4,0.0,0.0,0.0
2015-6-9,0.0,0.0,0.0
2015-6-10,0.0,0.0,0.0
2015-6-17,0.0,0.0,0.0
2015-6-18,0.0,0.0,0.0
2015-7-23,0.0,0.0,0.0
2015-8-6,0.0,0.0,0.0
2015-8-7,0.0,0.0,0.0
2015-8-12,0.0,0.0,0.0
2015-8-17,0.0,0.0,0.0
2015-8-19,0.0,0.0,0.0
2016-4-14,16.0,0.0,0.32
2016-4-15,27.9,0.0,0.0
2016-4-18,36.5,0.0,0.72
2016-4-19,20.8,0.0,0.0
2016-4-20,16.9,0.0,1.95
2016-4-21,16.6,0.0,0.97
2016-4-22,25.0,0.0,3.8
2016-4-25,8.94,7.51,12.2
2016-4-26,57.8,187.0,3.19
2016-4-27,84.2,1128.0,1.3
2016-4-28,88.2,1293.0,0.0
2016-4-29,190.0,3343.0,0.0
2016-5-2,186.0,4290.0,0.0
2016-5-3,76.8,1219.0,38.4
2016-5-4,15.2,176.0,2.26
2016-5-5,133.0,622.0,6.35
2016-5-6,127.0,607.0,0.97
2016-5-9,130.0,479.0,8.86
2016-5-10,106.0,253.0,4.63
2016-5-11,185.0,230.0,0.86
2016-5-12,353.0,545.0,0.0
2016-5-13,484.0,741.0,3.69
2016-5-16,838.0,765.0,17.1
2016-5-17,147.0,230.0,9.62
2016-5-18,172.0,292.0,0.0
2016-5-19,25.7,32.2,1.32
2016-5-20,60.8,43.6,0.0
2016-5-23,114.0,141.0,2.19
2016-5-24,3.53,11.9,0.0
2016-5-25,26.5,43.5,0.61
2016-5-26,14.4,24.3,0.0
2016-5-27,3.98,3.68,0.0
2016-5-31,28.5,31.5,0.54
2016-6-1,16.3,12.0,0.92
2016-6-2,25.3,17.8,0.0
2016-6-4,1.6,3.37,0.0
2016-6-6,20.2,20.7,0.0
2016-6-7,0.7,3.6,0.0
2016-6-8,4.2,6.4,0.0
2016-6-9,3.1,6.4,1.4
2016-6-13,4.4,1.4,0.0
2016-6-14,2.3,4.5,0.0
2016-6-15,0.3,0.9,0.0
2016-6-16,0.0,1.8,0.0
2016-6-17,1.9,3.5,0.0
2016-6-20,4.2,4.5,0.3
2016-6-21,1.3,0.9,0.0
2016-6-22,0.0,0.3,0.0
2016-6-28,0.0,0.0,0.0
2016-6-29,0.0,0.6,0.0
2016-6-30,0.3,0.0,0.0
2016-7-1,0.0,0.0,0.0
2016-7-6,0.0,0.0,0.0
2016-7-13,0.0,0.0,0.0
2016-7-14,0.0,0.0,0.0
2016-7-15,0.0,0.0,0.0
2016-7-19,0.0,0.0,0.0
2016-7-20,0.0,0.0,0.0
2016-7-21,0.0,0.0,0.0
2016-7-22,0.0,0.0,0.0
2016-7-26,0.0,0.0,0.0
2016-7-27,0.0,0.0,0.0
2016-7-28,0.0,0.0,0.0
2016-7-29,0.0,0.0,0.0
2016-8-1,0.0,0.0,0.0
2016-8-2,0.0,0.0,0.0
2016-8-3,0.0,0.0,0.0
2016-8-4,0.0,0.0,0.0
2016-8-16,0.0,0.0,0.0
2016-8-17,0.0,0.0,0.0
2016-8-18,0.0,0.0,0.0
2016-8-19,0.0,0.0,0.0
2016-8-23,0.0,0.0,0.0
2016-8-24,0.0,0.0,0.0
2016-8-30,0.0,0.0,0.0
2016-8-31,0.0,0.0,0.0
2016-9-1,0.0,0.0,0.0
2016-9-2,0.0,0.0,0.0
