[1,2,3,4,5,6,7,8,9,10,11,12,13,14,15,16,17,18,19,20,21,22,23,24,25,26,27,28,29,30,31,32,33,34,35,36,37,38,39,40,41,42,43,44,45,46,47,48,49,50,51,52,53,54,55,56,57,58,59,60,61,62,63,64,65,66,67,68,69,70,71,72,73,74,75,76,77,78,]

[16.0,27.9,36.5,20.8,16.9,16.6,25.0,8.94,57.8,84.2,88.2,190.0,186.0,76.8,15.2,133.0,127.0,130.0,106.0,185.0,353.0,484.0,838.0,147.0,172.0,25.7,60.8,114.0,3.53,26.5,14.4,3.98,28.5,16.3,25.3,1.6,20.2,0.7,4.2,3.1,4.4,2.3,0.3,0.0,1.9,4.2,1.3,0.0,0.0,0.0,0.3,0.0,0.0,0.0,0.0,0.0,0.0,0.0,0.0,0.0,0.0,0.0,0.0,0.0,0.0,0.0,0.0,0.0,0.0,0.0,0.0,0.0,0.0,0.0,0.0,0.0,0.0,0.0,]

[0.0,0.0,0.0,0.0,0.0,0.0,0.0,7.51,187.0,1128.0,1293.0,3343.0,4290.0,1219.0,176.0,622.0,607.0,479.0,253.0,230.0,545.0,741.0,765.0,230.0,292.0,32.2,43.6,141.0,11.9,43.5,24.3,3.68,31.5,12.0,17.8,3.37,20.7,3.6,6.4,6.4,1.4,4.5,0.9,1.8,3.5,4.5,0.9,0.3,0.0,0.6,0.0,0.0,0.0,0.0,0.0,0.0,0.0,0.0,0.0,0.0,0.0,0.0,0.0,0.0,0.0,0.0,0.0,0.0,0.0,0.0,0.0,0.0,0.0,0.0,0.0,0.0,0.0,0.0,]

[0.32,0.0,0.72,0.0,1.95,0.97,3.8,12.2,3.19,1.3,0.0,0.0,0.0,38.4,2.26,6.35,0.97,8.86,4.63,0.86,0.0,3.69,17.1,9.62,0.0,1.32,0.0,2.19,0.0,0.61,0.0,0.0,0.54,0.92,0.0,0.0,0.0,0.0,0.0,1.4,0.0,0.0,0.0,0.0,0.0,0.3,0.0,0.0,0.0,0.0,0.0,0.0,0.0,0.0,0.0,0.0,0.0,0.0,0.0,0.0,0.0,0.0,0.0,0.0,0.0,0.0,0.0,0.0,0.0,0.0,0.0,0.0,0.0,0.0,0.0,0.0,0.0,0.0,]

[1,2,3,4,5,6,7,8,9,10,11,12,13,14,15,16,17,18,19,20,21,22,23,24,25,26,27,28,29,30,31,32,33,34,35,36,37,38,39,40,41,42,43,44,45,46,47,48,49,50,51,52,53,54,55,56,57,58,59,60,61,62,63,64,65,66,67,68,69,70,71]

[0.0,0.0,0.0,0.0,0.0,0.3,0.0,0.0,0.0,27.6,13.8,24.0,10.7,45.9,8.4,6.12,9.18,38.5,48.9,127.0,193.0,244.0,412.0,259.0,300.0,118.0,94.0,55.1,34.3,12.2,10.2,7.5,23.5,9.3,5.0,6.9,11.2,25.5,7.5,1.7,0.32,0.6,1.92,1.07,2.56,1.27,0.0,2.01,0.25,0.99,0.64,0.0,0.36,0.0,0.33,0.0,0.0,1.6,0.0,0.0,0.0,0.0,0.0,0.0,0.0,0.0,0.0,0.0,0.0,0.0,0.0]

[0.0,0.0,0.3,0.0,0.4,0.0,0.0,0.0,0.0,0.0,0.0,0.51,1.0,2.04,0.0,3.06,385.0,1623.3,2969.9,1670.0,1065.0,495.0,330.0,377.0,507.0,218.0,141.0,64.8,76.6,19.3,27.5,33.1,11.9,8.7,13.1,10.5,20.9,27.5,15.0,7.7,0.0,1.6,11.9,3.2,11.9,1.91,0.62,8.36,0.25,0.0,0.96,0.0,0.36,0.16,0.0,1.92,0.96,1.92,0.71,0.95,0.96,1.26,0.44,0.0,1.64,0.0,0.0,0.0,0.0,0.0,0.0]

[0.0,0.0,0.0,0.0,0.0,0.0,0.0,0.0,0.0,0.0,0.0,0.51,0.5,24.4,10.7,19.4,9.18,8.2,3.2,13.9,18.7,6.3,9.18,13.8,6.63,5.1,2.0,3.06,9.3,1.53,2.04,2.1,0.6,0.0,0.0,0.7,1.02,2.55,0.0,0.7,0.0,0.0,0.0,0.36,0.96,0.0,0.0,0.0,0.25,0.0,0.0,0.0,0.0,0.0,0.0,0.0,0.0,0.0,0.0,0.0,0.0,0.0,0.0,0.0,0.0,0.0,0.0,0.0,0.0,0.0,0.0]

[1,2,3,4,5,6,7,8,9,10,11,12,13,14,15,16,17,18,19,20,21,22,23,24,25,26,27,28,29,30,31,32,33,34,35,36,37,38,39,40,41,42,43,44,45,46,47,48,49,50,51,52,53,54,55,56,57,58,59,60,61,62,63,64,65,66,67,68,69,70,71,72,73,74,75,76,77,78,79,80,81]

[0.0,0.0,117.0,51.9,60.4,7.1,4.0,5.5,8.1,6.1,7.4,6.3,32.1,4.17,3.21,19.6,15.3,26.6,85.3,86.1,183.0,162.0,96.5,15.2,26.0,58.5,94.7,8.42,20.8,41.2,23.2,1.1,5.72,3.21,3.25,7.48,0.0,0.71,1.1,2.14,0.0,0.0,0.36,0.0,0.0,6.41,0.0,0.0,0.0,0.0,0.0,0.0,0.0,0.0,0.0,0.0,0.0,0.0,0.0,0.0,0.0,0.0,0.0,0.0,0.0,0.0,0.0,0.0,0.0,0.0,0.0,0.0,0.0,0.0,0.0,0.0,0.0,0.0,0.0,0.0,0.0]

[0.0,0.0,0.0,0.0,0.0,2.2,0.6,1.3,17.6,89.7,49.0,196.0,1488.0,288.0,417.0,146.0,160.0,491.0,232.0,81.8,101.0,139.0,94.3,33.8,41.6,27.1,58.2,5.86,8.32,20.6,53.7,8.79,5.37,9.62,5.42,8.55,9.89,2.85,4.4,1.07,3.12,0.0,2.49,1.07,0.0,1.07,0.0,0.0,0.0,0.0,0.0,0.0,0.0,0.0,0.0,0.0,0.0,0.0,0.0,0.0,0.0,0.0,0.0,0.0,0.0,0.0,0.0,0.0,0.0,0.0,0.0,0.0,0.0,0.0,0.0,0.0,0.0,0.0,0.0,0.0,0.0]

[0.0,0.0,0.0,0.0,20.1,1.3,3.1,6.5,2.4,2.2,1.6,1.3,9.3,1.28,2.24,5.73,4.23,0.64,0.0,2.15,2.93,0.0,0.75,0.0,0.0,2.17,0.0,0.37,0.0,0.0,2.11,5.49,0.72,0.0,1.08,0.0,0.0,1.07,0.0,0.0,0.0,0.0,0.0,0.0,0.0,0.0,0.0,0.0,0.0,0.0,0.0,0.0,0.0,0.0,0.0,0.0,0.0,0.0,0.0,0.0,0.0,0.0,0.0,0.0,0.0,0.0,0.0,0.0,0.0,0.0,0.0,0.0,0.0,0.0,0.0,0.0,0.0,0.0,0.0,0.0,0.0]

[1,2,3,4,5,6,7,8,9,10,11,12,13,14,15,16,17,18,19,20,21,22,23,24,25,26,27,28,29,30,31,32,33,34,35,36,37,38,39,40,41,42,43,44,45,46,47,48,49,50,51,52,53,54,55,56,57,58,59,60,61,62,63,64,65,66,67,68,69,70,71,72,73,74,75,76,77,78,79,80,81,82,83,84,85,86,87,88,89,90,91,92,]

[1.0,0.0,0.0,0.0,0.0,0.0,0.0,1.0,0.0,0.0,2.0,4.0,0.0,0.0,4.0,4.0,4.0,33.0,9.0,18.0,26.0,7.0,8.0,5.0,20.0,81.0,18.0,37.0,17.0,5.0,5.0,23.0,8.0,7.0,4.8,1.0,9.0,6.0,2.0,2.0,5.0,7.0,20.0,51.0,23.0,9.0,160.0,22.0,134.0,142.0,96.0,258.0,195.0,183.0,123.0,318.0,98.0,64.0,113.0,306.0,183.0,62.0,32.0,47.0,17.0,18.0,22.0,7.0,9.0,16.0,14.0,3.0,3.0,4.0,14.1,0.3,1.0,0.5,0.4,0.0,0.0,0.0,0.0,0.0,0.0,0.0,0.0,0.0,0.0,0.0,0.0,0.0,]

[0.0,0.0,0.0,0.0,0.0,0.0,0.0,0.0,0.0,0.0,0.0,0.0,0.0,0.0,1.0,0.0,0.0,0.0,0.0,0.0,0.0,0.0,0.0,0.0,0.0,2.0,0.0,0.0,3.0,0.0,0.0,2.0,1.0,1.0,0.3,0.0,1.0,2.0,3.0,3.0,59.0,437.0,726.0,1148.0,538.0,119.0,1156.0,141.0,701.0,559.0,314.0,659.0,409.0,371.0,141.0,331.0,167.0,165.0,161.0,144.0,113.0,44.0,42.0,40.0,29.0,21.0,34.0,12.0,8.0,6.0,9.0,3.0,10.0,8.0,9.9,1.3,3.6,2.5,1.4,0.8,0.3,0.7,0.0,0.96,1.8,0.0,0.3,0.0,0.0,1.0,0.0,0.0,]

[0.0,0.0,0.0,0.0,0.0,0.0,0.0,0.0,0.0,0.0,0.0,0.0,0.0,0.0,0.0,0.0,0.0,0.0,0.0,0.0,0.0,0.0,1.0,0.0,1.0,5.0,1.0,1.0,1.0,2.0,2.0,4.0,4.0,0.0,0.0,0.0,2.0,0.0,0.0,1.0,4.0,7.0,2.0,2.0,8.0,0.0,20.0,4.0,4.0,8.0,3.0,8.0,6.0,6.0,2.0,8.0,2.0,1.0,4.0,5.0,1.0,0.0,1.0,0.0,0.0,0.0,1.0,0.0,0.0,0.0,0.0,0.0,0.0,0.0,0.0,0.0,0.0,0.0,0.0,0.0,0.0,0.0,0.0,0.0,0.0,0.0,0.0,0.0,0.0,0.0,0.0,0.0,]

[1,2,3,4,5,6,7,8,9,10,11,12,13,14,15,16,17,18,19,20,21,22,23,24,25,26,27,28,29,30,31,32,33,34,35,36,37,38,39,40,41,42,43,44,45,46,47,48,49,50,51,52,53,54,55,56,57,58,59,60,61,62,63,64,65,66,67,68,69,70,71,72,73,74,75,76,77,]

[0.0,0.0,0.0,33.0,0.0,1.0,3.0,17.0,9.0,5.0,1.2,1.5,0.5,0.0,0.9,0.4,0.0,2.3,1.8,1.9,0.5,4.6,0.5,1.4,1.3,24.5,40.1,14.2,18.4,18.8,51.6,8.4,14.9,101.0,71.1,11.7,17.4,20.1,0.6,2.5,13.5,4.1,0.5,2.6,4.4,4.2,5.1,7.2,12.3,1.4,1.9,1.6,0.3,0.4,0.0,0.7,0.0,0.4,0.0,0.6,0.0,0.0,0.0,0.0,0.0,0.0,0.0,0.0,0.0,0.0,0.0,0.0,0.0,0.0,0.0,0.0,0.0,]

[0.0,0.0,0.0,0.0,0.0,0.0,0.0,0.0,0.0,0.0,0.0,0.0,0.0,0.0,0.0,0.0,0.0,0.0,0.0,0.0,0.0,1.4,1.5,4.6,3.6,138.0,125.0,79.2,58.8,43.2,86.9,22.9,48.6,145.0,75.7,27.9,35.5,26.2,2.5,5.6,9.4,2.5,1.1,2.9,2.9,6.1,6.1,2.6,4.2,1.4,3.2,0.0,0.3,0.7,0.3,0.0,0.0,0.0,0.3,1.0,0.0,0.0,0.3,0.0,0.0,0.0,0.0,0.0,0.0,0.0,0.0,0.0,0.0,0.0,0.0,0.0,0.0,]

[0.0,0.0,0.0,0.0,0.0,0.0,0.0,0.0,5.0,0.0,2.5,0.0,2.0,2.0,2.5,1.1,1.8,0.5,5.1,1.9,0.8,4.1,0.5,2.7,0.8,2.9,7.1,4.6,9.2,6.6,4.1,0.5,2.7,5.6,7.1,1.0,1.3,0.5,1.0,0.3,0.8,0.0,0.5,0.0,0.4,0.0,0.0,0.0,0.0,0.0,0.0,0.0,0.0,0.0,0.0,0.0,0.0,0.0,0.0,0.0,0.0,0.0,0.0,0.0,0.0,0.0,0.0,0.0,0.0,0.0,0.0,0.0,0.0,0.0,0.0,0.0,0.0,]

[1,2,3,4,5,6,7,8,9,10,11,12,13,14,15,16,17,18,19,20,21,22,23,24,25,26,27,28,29,30,31,32,33,34,35,36,37,38,39,40,41,42,43,44,45,46,47,48,49,50,51,52,53,54,55,56,57,58,59,60,61,62,63,64,65,66,67,68,]

[0.0,0.0,0.0,0.0,2.01,3.28,43.0,13.2,2.14,1.06,2.14,1.06,1.08,0.96,0.96,0.0,0.0,16.3,59.7,11.5,75.9,97.1,122.0,36.0,29.7,58.4,21.4,21.6,3.32,49.8,28.6,5.49,12.7,4.37,3.5,2.31,2.24,0.35,1.31,0.32,0.0,0.63,0.0,0.64,0.32,0.95,1.95,0.0,0.0,0.0,0.0,0.0,0.0,0.0,0.0,0.0,0.0,0.0,0.0,0.0,0.0,0.0,0.0,0.0,0.0,0.0,0.0,0.0,]

[0.0,0.0,0.0,0.0,0.0,0.0,0.0,0.0,0.0,0.0,0.0,0.0,0.0,0.96,0.96,2.4,716.0,220.0,686.0,42.0,344.0,310.0,451.0,166.0,108.0,162.0,60.9,71.8,6.64,33.2,26.7,11.9,27.6,8.42,6.05,8.57,6.71,4.25,3.93,5.73,2.58,2.85,5.37,1.27,1.92,0.95,4.23,5.34,0.0,0.0,0.0,0.0,0.0,0.0,0.0,0.0,0.0,0.0,0.0,0.0,0.0,0.0,0.0,0.0,0.0,0.0,0.0,0.0,]

[0.0,0.0,0.0,0.0,0.0,0.0,0.0,0.0,5.38,2.12,2.14,13.8,3.25,5.11,1.93,0.0,0.0,6.51,18.5,11.5,48.9,76.3,52.1,10.3,5.27,4.12,5.97,3.54,0.0,1.81,0.0,0.0,2.83,0.62,0.95,0.33,0.32,0.0,0.0,0.0,0.0,0.0,0.0,0.0,0.0,0.0,0.0,0.0,0.0,0.0,0.0,0.0,0.0,0.0,0.0,0.0,0.0,0.0,0.0,0.0,0.0,0.0,0.0,0.0,0.0,0.0,0.0,0.0,]

[1,2,3,4,5,6,7,8,9,10,11,12,13,14,15,16,17,18,19,20,21,22,23,24,25,26,27,28,29,30,31,32,33,34,35,36,37,38,39,40,41,42,43,44,45,46,47,48,49,50,51,52,53,54,55,56,57,58,59,60,61,62,63,64,65,66,67,68,69,]

[0.0,108.0,114.0,68.1,49.8,28.0,11.5,30.0,4.78,6.46,10.8,32.2,30.7,15.1,8.42,5.83,7.4,34.7,89.3,40.7,43.6,38.3,32.7,27.9,0.0,0.62,6.55,8.97,6.22,3.21,0.96,15.3,3.27,1.92,0.32,0.0,0.0,0.0,0.0,0.0,0.0,0.0,0.0,0.0,0.0,0.0,0.0,0.0,0.0,0.0,0.0,0.0,0.0,0.0,0.0,0.0,0.0,0.0,0.0,0.0,0.0,0.0,0.0,0.0,0.0,0.0,0.0,0.0,0.0,]

[0.0,0.0,0.0,0.0,0.0,0.0,0.0,0.0,0.0,0.0,23.8,114.0,185.0,177.0,102.0,71.6,130.0,31.9,89.6,79.3,65.6,50.7,30.5,38.7,5.18,5.87,9.82,11.1,7.86,3.85,2.53,8.52,2.62,0.32,1.27,0.65,0.36,0.64,0.64,0.64,2.24,0.0,0.0,0.0,0.0,0.0,0.0,0.0,0.0,0.0,0.0,0.0,0.0,0.0,0.0,0.0,0.0,0.0,0.0,0.0,0.0,0.0,0.0,0.0,0.0,0.0,0.0,0.0,0.0,]

[0.0,0.0,0.0,0.0,5.42,2.15,9.42,0.0,0.0,3.23,0.0,9.65,4.03,3.59,2.36,1.3,1.29,1.03,8.18,6.43,4.71,1.96,0.95,3.22,0.0,0.0,1.31,0.0,0.0,0.0,0.0,0.71,0.0,0.0,0.0,0.0,0.0,6.41,0.0,0.0,0.0,0.0,0.0,0.0,0.0,0.0,0.0,0.0,0.0,0.0,0.0,0.0,0.0,0.0,0.0,0.0,0.0,0.0,0.0,0.0,0.0,0.0,0.0,0.0,0.0,0.0,0.0,0.0,0.0,]

[1,2,3,4,5,6,7,8,9,10,11,12,13,14,15,16,17,18,19,20,21,22,23,24,25,26,27,28,29,30,31,32,33,34,35,36,37,38,39,40,41,42,43,44,45,46,47,48,49,50,51,52,53,54,55,56,57,58,59,60,61,62,63,64,65,66,67,68,69,70,71,72,73,74,75,76,77,78,79,80,81,82,83,84,85,86,87,88,89,90,91,92,93,94,95,96,]

[0.0,0.0,0.0,0.0,0.71,2.3,1.3,17.1,52.0,99.0,14.5,17.1,11.7,0.97,0.64,4.26,5.49,11.9,26.9,0.32,11.4,8.28,7.48,30.1,48.7,35.3,89.5,10.3,60.2,32.3,0.96,31.2,24.8,34.5,10.4,0.0,0.96,3.23,27.1,0.0,5.13,0.8,0.98,0.95,0.0,0.0,0.0,0.0,0.0,0.0,0.0,0.0,0.0,0.0,0.0,0.0,0.0,0.0,0.0,0.0,0.0,0.0,0.0,0.0,0.0,0.0,0.0,0.0,0.0,0.0,0.0,0.0,0.0,0.0,0.0,0.0,0.0,0.0,0.0,0.0,0.0,0.0,0.0,0.0,0.0,0.0,0.0,0.0,0.0,0.0,0.0,0.0,0.0,0.0,0.0,0.0,]

[0.0,0.0,0.0,0.0,0.0,0.0,0.0,0.0,0.0,0.0,0.0,0.0,0.0,0.32,0.0,3.2,27.8,78.2,1140.0,18.9,719.0,215.0,443.0,1005.0,1533.0,1309.0,708.0,36.2,108.0,43.0,14.4,19.6,32.8,21.0,29.4,8.28,5.13,7.42,26.4,0.95,4.17,1.6,0.98,3.16,7.27,0.0,0.0,0.0,0.0,0.0,0.0,0.0,0.0,0.0,0.0,4.63,1.96,3.1,0.0,0.0,0.0,0.0,0.0,0.0,0.0,0.0,0.0,0.0,0.0,0.0,0.0,0.0,0.0,0.0,0.0,0.0,0.0,0.0,0.0,0.0,0.0,0.0,0.0,0.0,0.0,0.0,0.0,0.0,0.0,0.0,0.0,0.0,0.0,0.0,0.0,0.0,]

[0.0,0.0,0.0,0.0,0.0,0.0,0.0,0.0,0.0,0.0,1.86,13.9,11.7,0.0,3.22,12.1,3.23,3.21,6.09,0.0,1.07,2.23,1.95,10.3,0.0,7.9,40.6,0.96,0.0,0.0,0.0,0.0,0.0,0.0,0.0,0.0,0.0,0.0,0.0,0.0,0.0,0.0,0.0,0.0,0.0,0.0,0.0,0.0,0.0,0.0,0.0,0.0,0.0,0.0,0.0,0.0,0.0,0.0,0.0,0.0,0.0,0.0,0.0,0.0,0.0,0.0,0.0,0.0,0.0,0.0,0.0,0.0,0.0,0.0,0.0,0.0,0.0,0.0,0.0,0.0,0.0,0.0,0.0,0.0,0.0,0.0,0.0,0.0,0.0,0.0,0.0,0.0,0.0,0.0,0.0,0.0,]

[1,2,3,4,5,6,7,8,9,10,11,12,13,14,15,16,17,18,19,20,21,22,23,24,25,26,27,28,29,30,31,32,33,34,35,36,37,38,39,40,41,42,43,44,45,46,47,48,49,50,51,52,53,54,55,56,57,58,59,60,61,62,63,64,65,66,67,68,69,70,71,72,73,74,75,76,77,78,79,]

[0.0,0.0,0.0,0.0,0.0,0.0,6.41,6.41,31.8,97.5,72.1,45.0,55.9,21.8,20.4,44.9,27.9,29.7,64.9,59.1,48.7,48.4,87.8,304.0,0.64,26.8,64.8,216.0,7.32,104.0,23.9,21.7,28.7,8.1,1.28,3.22,3.54,22.0,38.3,11.6,19.3,6.83,1.64,1.9,4.18,3.18,0.0,0.0,0.0,0.0,0.0,0.0,0.0,0.0,0.0,0.0,0.0,0.0,0.0,0.0,0.0,0.0,0.0,0.0,0.0,0.0,0.0,0.0,0.0,0.0,0.0,0.0,0.0,0.0,0.0,0.0,0.0,0.0,0.0,]

[0.0,0.0,0.0,0.0,0.0,0.0,0.0,0.0,0.0,0.0,0.0,0.0,0.0,101.0,488.0,1201.0,1081.0,596.0,734.0,708.0,283.0,388.0,303.0,348.0,1.28,27.8,50.2,216.0,11.5,21.1,21.0,14.4,12.3,3.89,1.6,4.5,2.48,5.18,3.19,5.15,8.22,0.0,1.64,0.95,0.96,0.95,1.07,0.0,0.0,3.21,0.0,0.0,1.61,0.32,0.33,0.0,0.0,0.0,0.0,0.0,0.0,0.0,0.0,0.0,0.0,0.0,0.0,0.0,0.0,0.0,0.0,0.0,0.0,0.0,0.0,0.0,0.0,0.0,0.0,]

[0.0,0.0,0.0,0.0,0.0,0.0,0.0,0.0,0.0,10.8,11.7,20.4,31.2,26.4,3.22,13.9,10.7,8.22,43.2,29.4,19.6,87.2,58.7,0.0,0.0,2.24,3.24,0.0,3.18,0.97,0.0,0.0,0.0,0.0,0.96,0.0,0.0,0.97,0.96,0.0,0.0,0.0,0.0,0.0,0.0,0.0,0.0,0.0,0.0,0.0,0.0,0.0,0.0,0.0,0.0,0.0,0.0,0.0,0.0,0.0,0.0,0.0,0.0,0.0,0.0,0.0,0.0,0.0,0.0,0.0,0.0,0.0,0.0,0.0,0.0,0.0,0.0,0.0,0.0,]

[1,2,3,4,5,6,7,8,9,10,11,12,13,14,15,16,17,18,19,20,21,22,23,24,25,26,27,28,29,30,31,32,33,34,35,36,37,38,39,40,41,42,43,44,45,]

[0.0,0.0,0.0,0.0,0.0,0.68,0.65,0.0,1.32,0.0,0.0,0.0,0.59,0.17,0.33,0.32,0.95,1.28,6.8,11.7,8.75,3.2,9.67,7.38,18.1,17.2,5.72,13.2,1.27,3.16,1.96,1.07,1.26,0.0,0.0,0.0,0.0,0.0,0.0,0.0,0.0,0.0,0.0,0.0,0.0,]

[0.0,0.0,0.0,0.0,0.0,0.0,0.0,0.0,0.0,0.0,0.0,0.0,0.0,0.51,4.26,7.05,19.6,21.1,27.6,18.8,5.74,24.3,17.7,9.06,19.0,12.4,11.4,10.4,1.27,1.9,3.26,0.71,0.94,0.0,0.0,0.0,0.0,0.0,0.0,0.0,0.0,0.0,0.0,0.0,0.0,]

[0.0,0.0,0.0,0.0,2.24,0.0,14.1,1.41,1.65,5.45,0.63,0.0,0.29,1.54,2.29,1.6,1.58,8.65,12.5,4.53,3.02,2.56,4.42,1.34,1.51,5.49,0.64,1.07,0.96,0.95,0.65,0.0,0.0,0.0,0.0,0.0,0.0,0.0,0.0,0.0,0.0,0.0,0.0,0.0,0.0,]

[1,2,3,4,5,6,7,8,9,10,11,12,13,14,15,16,17,18,19,20,21,22,23,24,25,26,27,28,29,30,31,32,33,34,35,36,37,38,39,40,41,42,43,44,45,46,47,48,49,50,51,52,53,54,55,56,57,]

[71.0,55.0,50.0,11.2,27.0,62.5,6.73,26.4,3.26,5.02,166.0,20.4,34.6,63.5,64.2,120.0,238.0,265.0,158.0,150.0,46.1,46.0,131.0,66.3,120.0,160.0,97.8,71.8,82.1,5.05,9.93,9.82,0.31,9.68,15.06,8.22,11.3,1.92,3.62,0.0,1.07,1.01,0.64,0.0,0.0,0.0,0.0,0.0,0.0,0.0,0.0,0.0,0.0,0.0,0.0,0.0,0.0,]

[0.0,0.0,0.0,0.0,0.0,0.0,0.0,0.0,0.0,1.34,3081.0,399.0,725.0,1204.0,1487.0,2286.0,1141.0,3149.0,435.0,463.0,381.0,76.3,484.0,94.4,263.0,160.0,98.7,77.5,120.0,24.6,12.1,15.1,4.07,29.4,35.0,6.01,13.6,20.8,4.34,1.93,6.75,2.7,0.96,0.0,1.31,0.0,0.0,0.0,0.0,0.0,0.0,0.0,0.0,0.0,0.0,0.0,0.0,]

[0.0,0.0,0.0,0.0,0.0,4.95,2.24,3.04,0.98,1.34,5.28,0.0,0.0,3.13,14.9,5.36,14.7,9.34,0.0,9.83,1.22,5.15,14.3,1.25,10.8,0.0,1.83,0.0,5.38,0.31,0.71,0.0,0.0,0.0,0.0,0.95,0.0,0.0,0.0,0.0,0.0,0.0,0.0,0.0,0.0,0.0,0.0,0.0,0.0,0.0,0.0,0.0,0.0,0.0,0.0,0.0,0.0,]

[1,2,3,4,5,6,7,8,9,10,11,12,13,14,15,16,17,18,19,20,21,22,23,24,25,26,27,28,29,30,31,32,33,34,35,36,37,38,39,40,41,42,43,44,45,46,47,48,49,50,51,52,53,54,55,56,57,58,59,60,61,62,63,64,65,]

[0.0,197.0,14.0,28.9,48.7,23.5,11.0,14.4,2.26,1.26,29.8,6.32,13.9,35.0,98.3,162.0,140.0,132.0,48.2,119.0,56.1,37.6,29.5,132.0,190.0,149.0,45.7,67.3,67.5,10.6,2.17,14.7,23.2,21.4,1.05,0.91,1.94,3.22,1.07,0.0,20.8,0.0,1.93,5.48,0.0,0.0,0.61,0.0,0.0,0.0,0.0,0.0,0.0,0.0,0.0,0.0,0.0,0.0,0.0,0.0,0.0,0.0,0.0,0.0,0.0,]

[0.0,0.0,0.0,0.0,0.0,0.0,0.0,0.0,0.0,0.0,215.0,745.0,173.0,389.0,444.0,998.0,436.0,229.0,82.4,225.0,44.1,42.8,44.4,92.6,66.4,71.2,17.7,38.1,30.8,8.63,5.79,11.9,9.11,5.62,4.55,0.91,0.0,0.96,10.4,0.0,0.0,0.0,1.61,0.0,0.0,0.0,0.0,0.0,0.0,0.0,0.0,0.0,0.0,0.0,0.0,0.0,0.0,0.0,0.0,0.0,0.0,0.0,0.0,0.0,0.0,]

[0.0,0.0,0.0,0.0,0.0,0.71,0.0,5.13,0.97,1.9,3.55,16.9,0.0,0.0,2.12,12.4,8.39,9.62,1.86,0.8,0.0,0.0,0.0,0.0,0.0,0.0,0.0,0.0,0.0,0.0,0.0,0.0,0.0,0.0,0.0,0.0,0.0,0.0,0.0,0.0,0.0,0.0,0.0,0.0,0.0,0.0,0.0,0.0,0.0,0.0,0.0,0.0,0.0,0.0,0.0,0.0,0.0,0.0,0.0,0.0,0.0,0.0,0.0,0.0,0.0,]

[1,2,3,4,5,6,7,8,9,10,11,12,13,14,15,16,17,18,19,20,21,22,23,24,25,26,27,28,29,30,31,32,33,34,35,36,37,38,39,40,41,42,43,44,45,46,47,]

[34.3,0.0,0.0,0.0,37.8,19.2,5.16,1.09,54.2,15.5,1.59,13.6,37.5,5.93,45.8,47.6,162.0,146.0,108.0,36.2,32.3,3.72,13.7,29.9,24.7,15.7,21.0,4.28,6.64,8.48,1.92,1.89,6.66,1.7,0.64,2.21,0.3,0.73,0.63,0.0,0.0,0.33,0.0,0.0,0.0,0.0,0.0,]

[583.0,0.0,0.0,0.0,0.0,0.0,0.0,0.0,1087.0,1514.0,63.1,337.0,986.0,143.0,921.0,484.0,644.0,596.0,420.0,85.3,159.0,13.3,34.1,13.4,18.8,11.6,26.9,3.93,22.1,8.79,7.99,10.1,22.8,5.79,5.11,12.3,3.3,2.56,1.88,0.0,0.3,0.98,0.0,0.0,0.0,0.0,0.0,]

[6.14,0.0,0.0,0.0,0.0,0.0,0.0,0.0,6.14,18.4,0.32,1.58,10.3,3.12,6.26,0.0,9.65,12.6,21.9,5.57,3.55,0.0,0.0,1.76,0.88,3.75,4.63,0.36,0.63,0.63,0.32,0.32,0.0,0.68,0.32,0.32,0.0,0.0,0.0,0.0,0.0,0.0,0.0,0.0,0.0,0.0,0.0,]

[1,2,3,4,5,6,7,8,9,10,11,12,13,14,15,16,17,18,19,20,21,22,23,24,25,26,27,28,29,30,31,32,33,34,35,36,37,38,39,40,41,42,43,44,45,]

[0.0,0.0,19.7,10.7,5.71,2.53,2.4,1.6,69.4,82.9,176.0,86.0,84.9,74.0,121.0,101.0,100.0,52.0,21.4,18.5,5.21,16.4,4.97,0.0,0.0,1.04,0.0,0.0,0.0,0.0,0.0,0.0,0.0,0.0,0.0,0.0,0.0,0.0,0.0,0.0,0.0,0.0,0.0,0.0,0.0,]

[0.0,0.0,0.0,0.0,0.0,0.0,1.7,4.48,1330.0,673.0,871.0,107.0,170.0,55.8,53.4,71.6,25.4,28.2,7.25,20.6,2.61,9.29,1.55,0.28,0.0,0.69,0.0,0.0,0.0,0.0,0.0,0.0,0.0,0.0,0.0,0.0,0.0,0.0,0.0,0.0,0.0,0.0,0.0,0.0,0.0,]

[0.0,0.0,0.0,0.0,1.43,0.95,2.8,1.28,19.9,36.9,37.2,4.45,1.9,0.94,1.84,19.4,0.98,0.0,0.0,0.0,0.0,0.0,0.0,0.0,0.0,0.0,0.0,0.0,0.0,0.0,0.0,0.0,0.0,0.0,0.0,0.0,0.0,0.0,0.0,0.0,0.0,0.0,0.0,0.0,0.0,]

[1,2,3,4,5,6,7,8,9,10,11,12,13,14,15,16,17,18,19,20,21,22,23,24,25,26,27,28,29,30,31,32,33,34,35,36,37,38,39,40,41,42,43,44,45,46,47,48,49,50,51,52,53,54,55,56,57,58,59,60,61,62,63,64,65,66,67,68,69,70,71,72,73,74,75,76,77,78,79,80,]

[0.0,0.0,0.0,50.9,355.0,129.0,337.0,151.0,25.5,20.0,14.2,20.3,46.3,9.2,12.2,11.8,1.22,40.1,71.7,101.0,63.8,151.0,27.0,130.0,96.5,365.0,528.0,43.5,151.0,69.9,62.3,65.5,83.6,67.9,20.4,16.3,6.7,0.71,1.88,3.25,0.0,0.64,4.83,2.02,1.28,0.0,1.07,0.64,0.64,0.32,0.0,0.0,0.0,0.0,0.0,0.0,0.0,0.0,0.0,0.0,0.0,0.0,0.0,0.0,0.0,0.0,0.0,0.0,0.0,0.0,0.0,0.0,0.0,0.0,0.0,0.0,0.0,0.0,0.0,0.0,]

[0.0,0.0,0.0,0.0,0.0,0.0,0.0,0.0,0.0,0.0,0.0,0.0,1.96,0.35,24.1,64.4,6.43,673.0,2019.0,3117.0,3033.0,3986.0,608.0,1675.0,1444.0,1617.0,1519.0,163.0,302.0,211.0,138.0,165.0,211.0,163.0,108.0,134.0,26.2,5.7,5.63,15.3,1.9,5.11,2.41,5.05,2.25,3.18,1.43,0.96,3.2,2.22,1.65,2.14,1.27,0.0,0.32,0.32,0.0,0.0,0.0,0.0,0.0,0.0,0.0,0.0,0.0,0.0,0.0,0.0,0.0,0.0,0.0,0.0,0.0,0.0,0.0,0.0,0.0,0.0,0.0,0.0,]

[0.0,0.0,0.0,0.0,0.0,0.0,0.0,0.0,1.44,2.1,19.7,30.9,23.2,0.0,2.89,1.28,0.92,1.0,6.81,9.48,12.9,50.1,4.46,5.34,6.43,28.5,29.9,0.96,3.54,0.0,0.0,0.0,0.0,0.0,0.0,0.0,0.0,0.0,0.0,0.0,0.0,0.0,0.0,0.0,0.0,0.0,0.0,0.0,0.0,0.0,0.0,0.0,0.0,0.0,0.0,0.0,0.0,0.0,0.0,0.0,0.0,0.0,0.0,0.0,0.0,0.0,0.0,0.0,0.0,0.0,0.0,0.0,0.0,0.0,0.0,0.0,0.0,0.0,0.0,0.0,]

[1,2,3,4,5,6,7,8,9,10,11,12,13,14,15,16,17,18,19,20,21,22,23,24,25,26,27,28,29,30,31,32,33,34,35,36,37,38,39,40,41,42,43,44,45,46,47,48,49,50,51,52,53,54,55,56,57,58,59,60,61,62,63,64,65,]

[0.0,0.0,0.0,0.0,0.0,0.0,66.1,14.0,18.5,29.6,49.4,21.5,10.5,6.13,25.0,9.68,46.6,243.0,369.0,379.0,244.0,234.0,29.1,34.3,21.5,29.3,0.0,11.5,28.8,46.6,18.3,14.2,18.9,47.2,6.69,10.4,3.2,3.52,6.99,0.64,0.95,0.35,1.33,0.0,0.0,0.0,0.0,0.0,0.0,0.0,0.0,0.0,0.0,0.0,0.0,0.0,0.0,0.0,0.0,0.0,0.0,0.0,0.0,0.0,0.0,]

[0.0,0.0,0.0,0.0,0.0,0.0,0.0,0.0,0.0,0.0,0.34,0.37,0.0,0.0,0.0,0.0,1008.0,1264.0,1182.0,700.0,487.0,283.0,29.1,83.0,60.6,29.3,0.0,16.6,13.5,10.5,12.3,19.0,57.6,61.5,5.02,6.95,1.78,1.92,7.99,1.28,1.9,0.0,3.32,2.76,0.33,0.63,0.0,0.0,2.43,0.0,0.0,0.0,0.0,0.0,0.0,0.0,0.0,0.0,0.0,0.0,0.0,0.0,0.0,0.0,0.0,]

[0.0,0.0,0.0,0.0,0.0,0.0,1.11,0.0,0.3,3.31,4.73,2.59,0.65,3.55,4.11,5.16,12.0,29.0,14.9,28.6,9.6,9.62,0.0,0.0,0.0,0.0,0.0,1.91,4.17,0.99,0.0,0.0,1.03,0.0,1.34,0.63,1.07,0.0,0.0,0.0,0.0,0.0,0.0,0.0,0.0,0.0,0.0,0.0,0.0,0.0,0.0,0.0,0.0,0.0,0.0,0.0,0.0,0.0,0.0,0.0,0.0,0.0,0.0,0.0,0.0,]

[1,2,3,4,5,6,7,8,9,10,11,12,13,14,15,16,17,18,19,20,21,22,23,24,25,26,27,28,29,30,31,32,33,34,35,36,37,38,39,40,41,42,43,44,45,46,47,48,49,50,51,52,53,54,55,56,57,58,59,60,]

[143.0,403.0,206.0,69.7,461.0,47.4,10.3,18.4,15.6,9.01,5.11,2.95,0.96,11.5,24.6,14.0,22.0,5.95,4.89,9.1,23.3,35.6,89.3,69.2,69.1,29.2,43.1,32.0,29.2,53.0,45.9,13.2,14.2,16.5,4.29,8.07,2.84,4.81,0.0,0.0,0.32,0.0,0.0,0.0,0.0,0.0,0.0,0.0,0.0,0.0,0.0,0.0,0.0,0.0,0.0,0.0,0.0,0.0,0.0,0.0,]

[0.0,0.0,0.0,0.0,0.0,0.0,0.0,0.0,1.06,5.28,9.26,11.5,15.7,161.0,402.0,273.0,1794.0,743.0,313.0,450.0,409.0,750.0,640.0,634.0,317.0,101.0,93.3,70.1,60.6,43.5,45.6,14.6,24.4,21.5,5.6,14.2,4.97,14.4,0.31,0.33,1.27,0.37,0.37,0.72,0.0,0.31,0.0,0.0,0.0,0.0,0.0,0.0,0.0,0.0,0.0,0.0,0.0,0.0,0.0,0.0,]

[0.0,0.0,0.0,1.82,0.64,6.0,0.69,2.58,61.0,0.0,1.6,0.0,0.32,0.0,0.0,0.0,0.0,60.3,0.0,2.58,4.6,12.5,10.7,0.0,0.93,1.59,2.25,0.8,0.0,0.63,0.0,0.0,0.64,0.0,0.0,0.65,0.71,1.28,0.0,0.0,0.95,0.0,0.0,0.0,0.0,0.0,0.0,0.0,0.0,0.0,0.0,0.0,0.0,0.0,0.0,0.0,0.0,0.0,0.0,0.0,]

